0,83
1,96
2,82,34,28,14,59,90
3,18,60,31,6
4,51,92,6
5,61,66,23,13,12,30,53
6,69,4,21,3,18
7,78,40,29,20,58,56,91
8,89,36,40,40,40,40,40,40
9,33,65,41
10,68
11,70,87,28,36
12,42,68,54,64,55,66,53,5
13,23,44,5,30
14,31,72,2,15
15,31,72,49,60,14
16,78,56,32,80
17,46
18,52,3,21,6,31
19,91,62,20,50
20,7,77,48,50,19
21,6,35,52,18
22,33,97
23,13,5
24,89,81,34,91,29
25,48,32,80,76,77
26,90,45,93,35
27,45
28,34,2,87,90,11
29,24,91,7,89,8
30,61,44,5,13,41,33
31,3,90,14,15,18
32,48,16,58,25
33,61,65,96,22,67,30,41,9
34,81,24,87,2,28
35,69,21,93,26
36,8,87,81,11,89,40,40,40
37,97
38,65,97
39,67,97
40,7,8,70,86
41,33,30
42,12,63,83,55
43,86,70
44,13,30
45,26,78,71,75,27
46,47,76,17
47,80,76,46
48,20,58,32,25,77
49,72,15,60
50,62,73,20,19,88
51,92,4,69
52,21,93,18,90
53,12,5,55
54,12,83,64,74
55,12,53,42
56,16,58,7,78
57,92
58,7,48,56,32
59,2,72,82
60,3,15,49
61,66,5,33,30,82
62,98,88,19,50
63,83,42
64,54,12,83
65,33,38,97
66,61,5,12,94
67,33,39,97
68,10,12
69,51,6,35
70,40,43,36,11,40,40,40,40
71,45
72,59,14,49,15
73,88,50,77
74,83,54
75,45
76,25,47,46
77,73,20,25,48
78,7,45,56,16
79,97
80,25,16,47
81,89,36,24,87,34
82,61,94,59,2
83,54,64,95,0,85,74,63,42
84,97
85,83
86,40,43
87,36,11,81,34,28
88,62,73,50
89,8,81,24,36,29
90,28,2,40,40,40,40,40,40
91,24,29,98,19,94,7
92,57,51,4
93,35,52,90,26
94,82,66,98,91
95,83
96,33,1
97,22,67,65,38,37,84,79,39
98,91,62,94
