0,34,33,32,6,38
1,5,10,19,15,39
2,6,36,38
3,8,23,20
4,8,20,29,11,9,26
5,11,30,10,7,19,1
6,0,32,2,36,38,27
7,26,25,11,5,19,37
8,3,23,20,4,29,40
9,20,4,26,28,25
10,30,33,5,1,32,39,27
11,4,29,26,30,5,7
12,21,31,24,41
13,35,17,22,18
14,34,40,33
15,39,16,1
16,15,39,27,41,36,38,24
17,28,25,35,13,22
18,13,22,31
19,5,7,1,24
20,3,8,4,9
21,37,31,12
22,17,13,18,37
23,3,8,40
24,19,12,16
25,9,26,28,17,7
26,4,11,9,25,7
27,39,16,10,32,6,36
28,9,25,17
29,8,4,11,40,30
30,29,11,40,33,5,10
31,37,21,12,18
32,0,6,33,10,27
33,40,30,10,0,32,14
34,14,0
35,17,13
36,6,2,38,27,16
37,21,31,22,7
38,0,6,2,36,16
39,15,27,16,10,1
40,8,23,29,30,33,14
41,16,12
