0,32,39,93
1,28,60,75,35,74
2,18,59,20,52
3,75,25,90,28,47
4,8,32,16,39
5,65,67,89
6,82,58,63,79
7,25,14,49
8,24,20,4,39,56
9,45,44
10,74,16,35,20,61
11,71,27,62
12,90,78,38,84
13,30,18,59,56
14,7,65,80,67
15,21,23
16,51,74,10,4,70,20
17,92,36
18,57,13,2,52
19,76,38,84,98
20,10,16,94,94,94,94,94,94
21,23,73,48,22,85,15,34,95
22,21
23,81,21,73,15
24,56,93,8,30
25,75,3,7,80,49,90
26,92,77
27,11,62,57
28,47,1,75,60,3
29,37,81
30,57,62,13,24,56
31,78,84,98,66,89
32,70,4,0,39
33,96,36
34,21,95
35,60,61,1,74,10
36,17,96,87,42,43,50,55,33
37,29
38,19,12,90,76
39,8,32,0,93,4
40,98,66,86
41,52,76,64,97,54
42,87,36
43,36
44,94,9,60,61,94,94,94,94
45,94,9
46,92,87,88
47,28,60,94,94,94,94,94,94
48,21
49,51,91,7,25
50,36
51,68,49,70,16
52,20,41,2,18
53,86
54,41
55,36
56,59,24,13,30,8
57,27,30,18
58,6,79
59,13,2,56,20
60,47,35,1,61,28,94,94,94
61,44,35,10,60
62,27,11,30
63,68,91,82,6,81,79,69
64,41
65,14,5,67
66,31,40,86
67,14,5,83,80,65
68,91,63,92,79,51
69,81,63,72
70,16,32,51
71,11
72,81,69,95
73,23,81,21
74,1,75,35,16,10
75,28,1,74,25,3
76,90,41,38,19
77,26
78,83,12,84,31,89
79,68,58,63,6,88,92
80,25,14,83,67
81,95,29,23,73,72,91,69,63
82,6,63
83,90,89,78,67,80
84,78,19,12,31
85,21
86,40,66,53
87,92,42,36
88,92,79
89,5,83,31,78
90,76,94,3,83,12,38,25
91,68,63,81,49
92,68,87,26,17,96,79,88,46
93,24,39,0
94,90,47,44,45
95,81,34,21,72
96,92,33,36
97,41
98,31,19,40
